            600,
            200,

            83,
            83,
            83,

            1000,

            200,

            83,
            83,

            83,
            83,
            83,

            83,

            41,
            41,
            41,
            41,
            41,
            41,
            41,
            41,
            41,

            83,
            83,
            83,

            1000,

            83,
            83,
            83,
            83,
            83,
            83,
            83,
            83,
            83,
            83,
            83,
            83